Total time steps
1728
3108
2390
2836
3739
2150
1572
10000
1698
3192
1761
2339
2297
2060
1906
2014
1759
1091
2789
2075
2992
2639
2042
2047
1435
2327
1685
2374
2823
1980
2375
2643
2652
1857
2532
2686
10000
1920
2544
3262
1207
2225
1471
1527
2507
2449
2470
1905
1183
1805
1671
1720
3076
2096
2401
1102
1691
2552
3550
2685
2595
1644
2178
2778
2265
1449
3071
1850
1194
1570
2880
3264
2052
981
1239
1572
906
2176
2417
2392
1492
1586
777
2436
2396
10000
1824
3161
1833
2964
1112
6777
1274
2280
2555
1299
1520
2831
2274
2882
1669
2338
2961
3100
4951
1796
3108
10000
2443
