Total time steps
10000
10000
10000
4313
3567
2304
1490
4033
10000
10000
3063
10000
10000
10000
10000
5911
10000
2490
10000
10000
10000
10000
10000
10000
10000
6726
10000
10000
10000
10000
10000
10000
2550
10000
10000
7440
10000
10000
10000
10000
10000
10000
10000
10000
10000
10000
1362
10000
10000
10000
10000
10000
10000
10000
10000
10000
10000
10000
3565
10000
10000
10000
10000
10000
10000
7124
10000
8088
10000
5673
10000
5774
5167
10000
2398
2215
8720
9734
10000
2920
10000
10000
10000
10000
10000
10000
1730
10000
10000
10000
1711
10000
5611
10000
10000
8812
10000
10000
10000
10000
10000
10000
5437
10000
10000
2254
