Total time steps
1500
1500
1169
1500
1500
1500
761
1500
559
1500
1500
1500
1500
1500
1500
1500
1500
1500
607
1500
1500
888
1061
1500
1500
1500
892
1500
802
1500
1500
1031
1500
1500
1500
617
1500
1500
1500
1500
1500
1500
1500
1500
1500
995
1500
1500
1500
1500
1500
1500
1500
1500
1500
1022
1500
1500
1500
1500
1500
830
1500
1500
1500
1500
1500
1500
1500
1500
1500
1500
1500
1500
1500
1140
1500
1500
1500
1500
1500
1500
1500
1500
1500
1500
1500
1500
1500
1500
1500
754
1500
1037
1500
1500
1500
1500
1500
1500
