Total time steps
1500
1500
830
1500
1500
1500
1500
1500
575
1500
963
1500
1500
1500
1500
1500
1500
1500
1342
1271
848
1500
829
1500
1500
1232
1500
1500
1500
1461
854
1500
1500
1500
958
947
1500
1500
1434
1428
1500
1500
1500
1500
622
659
824
1500
1500
908
1500
1500
1098
1500
1500
1500
1500
1500
616
1500
767
547
1040
1500
770
898
961
908
735
1500
970
1500
1500
725
881
1500
1500
1500
1500
1500
729
1500
910
1081
1086
1500
668
1500
1500
1500
1500
1500
1500
1500
1500
1500
717
913
1500
849
671
1415
1500
1500
1237
1500
1500
1500
1500
1500
1500
817
1500
1500
1500
1500
1500
1500
1500
1377
826
1500
1500
1500
1500
1500
1500
693
949
1500
1500
1500
1500
1500
1500
1500
1500
1159
1500
1500
1500
1500
1078
1500
1148
1500
1500
1500
1500
1325
839
878
