Total time steps
2500
964
1174
1423
878
10000
955
10000
10000
942
1210
864
1868
3148
762
964
912
1910
958
958
1267
1065
7380
761
980
10000
10000
832
929
872
1058
1183
807
912
10000
1478
8122
1207
10000
1101
865
10000
7273
871
855
829
1124
1390
10000
995
810
1179
1154
10000
907
829
10000
7175
1066
1063
979
925
932
1055
10000
1039
876
962
871
827
10000
10000
845
977
958
946
929
1554
932
866
864
1072
10000
846
845
10000
10000
905
1001
892
1920
10000
5278
10000
804
1555
10000
871
1118
10000
1023
1026
