Total time steps
2571
10000
2118
4747
2418
5609
5258
5869
3062
3662
4396
7385
5737
1990
4378
3160
3943
10000
3480
2703
10000
1928
3142
6801
10000
10000
1455
2896
2003
2997
3394
3562
8227
8679
2218
3229
5062
1729
4544
3335
8872
3747
4482
7198
4023
2981
1948
10000
4698
3920
6501
7611
1771
3554
10000
10000
8370
3838
10000
4404
5912
4400
7532
10000
2279
5381
10000
10000
7573
7848
3546
3874
5362
4803
1761
2219
3825
6162
3138
2890
7054
1262
5252
8637
2903
2309
4317
4309
4613
3899
3343
4309
10000
2624
3464
2294
5033
3162
1401
3135
4963
