Total time steps
5320
1676
847
2509
1590
3717
897
1419
10000
2479
910
1492
1821
1705
1467
10000
2585
10000
2655
2400
3499
1348
2394
2834
1858
1006
10000
3008
3393
1627
2682
3006
1248
2318
2162
2786
4283
2538
1045
2975
5149
1106
2508
4407
3129
3997
1607
730
922
1237
2385
1504
1597
1173
2164
1268
773
1161
1096
3922
1196
4222
2501
10000
1543
1374
1006
2689
3615
3090
5397
754
2880
2553
10000
3987
1887
845
2225
2574
782
1306
1700
831
2398
2564
1650
3019
2109
3748
3501
1499
10000
7188
10000
5818
2331
3107
5894
1523
6862
1593
10000
8201
3798
