14.01485
12.31181
10.8137
9.422096
9.08592
7.806609
7.290963
7.245243
6.699113
7.695771
6.2298
6.16937
5.725003
6.409883
14.65796
13.67291
10.65698
10.67832
9.667207
8.701887
9.038281
7.841803
7.098567
6.235417
7.149435
5.964398
6.088829
4.253798
6.036847
5.660738
5.826891
6.162531
14.42198
13.25759
10.60408
7.763554
9.051085
8.008348
7.506848
6.103505
5.861201
4.568225
6.255259
6.246202
6.351408
6.728497
6.249941
5.614133
11.50968
11.38075
12.45954
11.22044
10.62976
8.648155
8.375848
6.062925
6.02143
6.028836
5.505244
7.472467
6.583331
5.99158
5.639166
6.416475
14.15182
11.99992
12.17732
9.857023
7.534983
7.900317
7.979922
7.638766
8.075144
7.64228
8.469408
7.260646
7.900229
7.226864
6.292165
6.419614
12.33686
11.11903
10.91548
10.25818
7.076029
9.397719
8.379786
5.836001
6.00119
6.238918
6.206839
6.012466
6.215357
6.10555
6.20032
6.035488
14.6619
12.61906
10.58556
